tensor_4weight 16
0.121790528 0.250840873 0.304622382 -0.220836148 -0.114332967 0.206400931 -0.0854006708 0.0910675302 0.236353844 -0.353154093 0.00124085741 0.289937019 -0.223430365 0.291264057 -0.178312123 0.109958731
tensor_2bias 8
-0.147304818 -0.219893858 -0.206581593 -0.165559247 0.223766431 0.0573780835 0.180192515 -0.030479379
tensor_4bias 2
0.182338461 0.108532339
tensor_2weight 128
-0.0633250102 0.0318706147 0.218038827 -0.237421274 0.00434057415 0.00886775646 -0.235016271 0.22075431 -0.138628453 -0.0789591148 -0.0841307789 0.163786784 0.240809113 -0.24805741 0.0569300056 -0.186258391 0.037090458 0.00624902081 0.00484927371 -0.127952442 -0.116203271 0.0611543506 -0.247167215 -0.215103403 0.203062356 0.0335313268 -0.164746329 0.199649543 0.0971362218 0.0143237524 -0.211459145 -0.156417355 0.145103678 -0.205920309 0.111270517 -0.201989442 0.173603341 -0.0130685465 -0.233355165 -0.0102829905 -0.0974189565 0.0492841825 0.179967135 -0.174010828 0.0626899078 0.217270464 0.161766395 0.151265919 -0.211031377 0.217652947 0.0888091996 0.113801368 0.0357383378 0.19524911 0.229933456 0.21379444 0.00925843511 0.176286906 0.0278520882 0.0549323149 -0.0421964414 -0.185302109 -0.047606688 0.150061682 0.151212275 0.0506135933 -0.0147217624 -0.238313988 0.25018838 -0.00285869744 0.161142021 -0.125770375 0.14836885 0.160346389 0.0993542373 -0.230465606 -0.0550136268 0.0483037047 -0.225895941 -0.0996010602 -0.0781466439 -0.20738408 -0.0788663924 0.105726756 0.0356401093 -0.131347656 -0.1822633 -0.117997363 0.186442494 0.0070297909 0.0150013082 0.0639958307 0.139321268 -0.118035279 -0.24710986 0.0361211188 0.179704413 -0.152513251 -0.0569631159 -0.192150772 0.250805557 -0.00347200106 -0.156831354 -0.0440102741 -0.154661745 0.161134988 -0.00798399653 0.0635828301 -0.186400607 0.153016478 -0.00527781714 -0.176131502 -0.132499143 -0.131151244 0.185292065 0.0725426525 -0.173462227 0.10922426 0.174004063 0.176219836 -0.215074494 0.0572708324 -0.173991516 0.172443002 -0.118457071 -0.105418257 -0.0516273007 0.128211707
tensor_0bias 16
0.141970977 0.0407549813 0.151118621 -0.119578674 0.0170652773 -0.100705557 0.068627432 -0.177476555 -0.127208203 -0.00208367384 -0.0764843598 0.0982249975 -0.0788684115 0.164100379 -0.0929088816 0.0946950465
tensor_0weight 512
-0.0970217288 0.0545523502 -0.084115833 0.105601668 -0.0695723146 0.0480943844 0.00326479389 -0.0501679815 0.101691611 -0.0160306618 0.163021475 -0.170700073 0.0547994897 -0.0755213276 -0.0760014504 0.0752744153 0.0789933503 -0.149440512 -0.0937418267 0.0173362754 -0.0568912104 -0.0343651548 -0.00555817876 -0.0488721281 -0.0632129982 0.108283065 0.0462702438 0.12462464 -0.115333803 0.128364921 0.0925968587 0.0663658902 0.0711318031 0.0952388048 -0.164897338 0.159461617 -0.0703589916 -0.00862327591 -0.0257553514 0.0838160366 -0.00538348965 -0.132909536 -0.0819065496 0.137401044 -0.11787615 -0.0911822021 0.0624215715 -0.0410695821 0.133028701 -0.0825322717 0.0460324623 -0.122018985 -0.113787018 0.026810782 0.167458728 -0.119340181 0.0911006033 -0.0436017178 -0.171985179 -0.0843694657 -0.156249002 -0.0911357924 0.034605287 -0.0508490317 -0.0775934905 0.166834578 -0.146307886 -0.070178479 -0.0316898674 -0.173404038 0.128213525 -0.122500084 0.144556612 0.0530617237 0.0653584599 0.140709475 -0.0485175103 0.0502000488 -0.113041691 0.0657120943 0.0295733958 -0.0807814375 0.077658169 0.1533342 -0.120523915 0.120672032 0.155231804 -0.0040869154 0.0654278919 -0.00279749441 -0.117211223 0.106235109 0.0683927089 -0.0779654011 -0.14392826 -0.0665445477 0.066004321 0.102637693 0.106673256 -0.166654259 -0.0593633577 -0.0791641697 0.0740780532 0.0866844431 0.167250186 0.0939303413 -0.165822282 -0.144862503 0.0871725678 -0.135504335 -0.0984127894 0.125140712 -0.148877978 0.113471486 -0.0435315222 -0.0404188149 -0.149634868 0.0987945572 -0.0235743653 0.0850078315 -0.148034275 0.137006447 0.152653292 0.0350887217 0.149084449 0.160286069 0.134123027 0.161755487 -0.0528859682 0.173676372 0.0615817867 0.0438197963 -0.035535939 0.0659426898 0.158765063 0.0630822852 0.150489509 0.17407237 0.116790608 -0.0927344561 -0.14440842 0.109688468 0.160242274 0.0183618627 -0.131685689 -0.135531649 0.173005074 0.0269100405 -0.108675763 -0.074207522 0.0632959828 -0.0856430829 0.0820700377 0.149647221 -0.110005401 0.141604036 -0.0881312415 0.0805023238 0.0597982854 0.094762817 -0.0333923735 -0.0359715298 -0.0234929807 0.0972593725 -0.0368073285 -0.131285191 0.141936183 -0.00710958708 0.011946897 -0.0834358186 0.0557482466 -0.00663633225 0.0383338258 0.103425324 -0.0231483188 0.156679928 -0.0142148472 -0.160513699 0.0897132233 0.172212392 -0.0610910095 -0.152694046 -0.108438015 -0.153710485 0.000665636733 0.0778998137 0.0595650859 0.169784397 -0.177830413 -0.111915447 -0.106478944 0.116511971 0.117373548 -0.0470990799 -0.109601997 -0.0519883297 0.00134724646 0.162934437 0.0701695085 0.144097194 -0.154910669 0.150676116 0.0842483938 -0.043357648 -0.0436053723 -0.0578889176 -0.166767359 0.0195335858 -0.164425761 0.0621357113 0.0516148843 0.0408301018 0.0956345499 0.111206047 -0.1501109 -0.0874844119 -0.176890031 -0.12740685 -0.167786285 0.1726702 -0.143969789 -0.0575629286 0.15850459 -0.0791790932 -0.121171191 0.123115063 -0.0125615885 0.158701643 0.172767892 0.05091599 -0.165939108 -0.00611478975 -0.08509247 0.0224622097 -0.132752389 -0.0156071875 -0.0496886633 -0.032933645 -0.045223482 0.0163164493 -0.119485155 0.160378128 -0.00743294042 -0.0774756968 0.0500974134 0.123054333 0.112127647 -0.0972080305 -0.166008696 0.0502672829 0.0115569141 0.0584634691 0.103429683 0.174176991 -0.00561595475 -0.111438438 0.149675965 0.0930706933 0.0349803008 -0.145164192 0.042095881 0.142170936 -0.0633268356 0.0686228946 0.0958031714 -0.125801131 0.0917790681 -0.0537426025 -0.0882475823 0.0648681223 0.149037987 -0.0433750227 -0.120239466 0.0225829296 0.0520907976 -0.112758055 -0.0747246742 0.0108671794 -0.104164928 0.146641493 -0.0174573474 -0.119620122 0.0117778564 0.136875644 0.108376637 -0.145419791 0.143353909 0.053712517 -0.0831008181 -0.0446977243 -0.157486126 -0.017171897 -0.164878413 0.0146011356 0.170020595 0.086503163 -0.12701571 -0.0510998853 -0.135958105 0.0445874073 -0.0573714264 -0.0959421396 -0.10527698 0.0493464135 0.0774362236 -0.0557748526 -0.139331341 0.0769263506 0.00708140479 -0.0365666375 -0.0140390126 0.169526279 -0.155007064 0.091278635 0.0989265889 -0.0778382644 0.002278039 -0.0534377396 0.0436940156 0.104512133 0.160342515 0.11953757 -0.136742413 0.0776854306 -0.0120677613 -0.163611755 -0.132510379 -0.0427956507 -0.106780924 -0.0563930124 -0.0219681431 0.0721858963 0.0431796201 -0.120452575 0.0156139694 0.0986563265 0.0565673932 -0.0439728387 -0.0818445757 0.1641628 0.148445666 -0.170591682 0.135644153 0.109691545 0.123677827 0.04304865 -0.0446391888 -0.108166471 0.0925717279 0.00443631504 0.0611170456 -0.0338943861 -0.0814075619 0.00789282005 0.0393068679 0.0842771158 -0.0806576833 -0.126311734 -0.0413834676 -0.162251279 0.052034907 -0.0604072101 -0.165793777 0.170273483 -0.10645771 0.0757557079 -0.0962602198 0.160026714 -0.071024999 -0.105481319 -0.0180892851 0.0113914227 -0.105598912 0.0207047444 -0.115513422 -0.0985178724 -0.0219370704 -0.154129311 -0.094975464 0.109486081 -0.0718646795 0.0365708135 -0.0742211416 0.0788990632 -0.131537095 -0.0886250734 -0.145731375 0.152108312 0.0119643752 -0.0522935092 -0.0227047503 -0.0422220752 0.0664715096 -0.142164513 0.00884585269 -0.147293121 -0.155156747 -0.116545744 -0.0703612491 -0.0246430468 0.139002115 0.102637947 0.0129196709 0.0976805389 0.00927979406 0.0788458809 0.103092104 -0.155101031 -0.0592097454 0.0689130574 -0.101701163 0.172605336 0.170859307 0.0390335955 0.0703917444 0.163338289 0.0718574673 0.123082682 -0.128569901 0.0884815678 -0.146645457 -0.165108725 0.146698177 -0.0111068971 0.0110519659 -0.163832963 -0.177211702 -0.161121845 -0.114309654 -0.139897317 0.152509212 -0.13619186 -0.142175242 -0.00214409479 -0.180218279 0.0529824346 -0.135599226 -0.0449964404 0.031711515 0.122096673 0.109285936 -0.129882321 0.131247908 -0.0225781631 -0.0304268971 0.0823200345 -0.132943168 0.110490143 0.13289699 0.0697543323 -0.0445071496 -0.0842842534 0.0429576188 0.174722239 -0.0081975637 -0.0415814891 0.15764454 0.118229084 0.0847941637 -0.156834975 0.00217495626 0.0496800058 0.00219737622 0.054469686 -0.103998333 -0.0143068964 -0.0342688635 -0.04220948 0.124332339 -0.131030768 -0.160497382 -0.0426261537 -0.106628522 0.164765999 -0.141892642 0.108491711 0.0252745282 -0.141436413 0.137878135 -0.137027934 -0.0853969678 0.122987181 0.0905482247 -0.162169024 0.0587707907 -0.124760978 0.135747313 -0.038389869 -0.0820342228 0.151467353 -0.0154936081 -0.0848597512 -0.143668145 -0.0129357278 -0.0556927808 -0.0852492228 0.0329249986 0.109492935 -0.0485784858 0.149418756 0.0309579689 -0.142958999 0.02604766 -0.169646397 0.116621107 0.111607008 -0.0588505194 0.0600502081 0.146657437 0.102021053 0.00691456068 -0.0860613361
